"","A22893C","A22910G","A23535G","A23579G","C22995A","C22995G","C23123T","G22813T","G22895C","G22898A","G22927T","G23401T","T22896C","T22917G","T22928C","T22930A","T22942A","T22942G","T23018C","T23018G","T23019C","T23031C","T23075C"
"A22893C",0.250154569061457,0,0,0,0.250030913812291,0,0,0.119698281192037,0,0.0380858167429207,0.000370965747495981,0.00556448621243972,0.000247310498330654,0.250030913812291,0.000370965747495981,0,0.205144058365278,0.0387040929887474,0,0.210955855076048,0.0379621614937554,0.000123655249165327,0.248176085074811
"A22910G",0,0.0121182144182021,0,0,0.0121182144182021,0,0,0.00964510943489551,0.000741931494991962,0.00222579448497589,0,0,0,0.00791393594658093,0,0,0.000741931494991962,0.00408062322245579,0.000741931494991962,0.00717200445158897,0.00086558674415729,0.0013602077408186,0.0119945591690367
"A23535G",0,0,0.018919253122295,0,0.018919253122295,0,0,0.0155805613948312,0,0,0,0,0,0.0187955978731297,0,0,0,0.00420427847162112,0,0.018919253122295,0,0,0.018919253122295
"A23579G",0,0,0,0.0142203536540126,0.0142203536540126,0,0,0.00556448621243972,0.0140966984048473,0.0142203536540126,0,0,0.0140966984048473,0,0,0,0,0.0142203536540126,0.000247310498330654,0,0.0140966984048473,0.0142203536540126,0.0140966984048473
"C22995A",0.250030913812291,0.0121182144182021,0.018919253122295,0.0142203536540126,0.976258192160257,0,0.00803759119574626,0.717447755657228,0.198095709162854,0.279213552615309,0.0134784221590207,0.0207740818597749,0.200074193149499,0.729689625324595,0.00791393594658093,0.0263385680722147,0.210955855076048,0.287869420056881,0.187214047236305,0.683195251638432,0.251514776802275,0.229504142450847,0.964634598738716
"C22995G",0,0,0,0,0,0.0216396686039322,0.00346234697662916,0.0210213923581056,0.0210213923581056,0.0210213923581056,0.000123655249165327,0.000618276245826635,0.0210213923581056,0.000247310498330654,0.00173117348831458,0.00173117348831458,0,0.0210213923581056,0.0212687028564363,0.000247310498330654,0.0212687028564363,0.0212687028564363,0.0215160133547669
"C23123T",0,0,0,0,0.00803759119574626,0.00346234697662916,0.0116235934215407,0.00989241993322617,0.0110053171757141,0.0110053171757141,0,0,0.0110053171757141,0,0,0,0,0.0110053171757141,0.0116235934215407,0,0.0116235934215407,0.0116235934215407,0.0116235934215407
"G22813T",0.119698281192037,0.00964510943489551,0.0155805613948312,0.00556448621243972,0.717447755657228,0.0210213923581056,0.00989241993322617,0.740447632001978,0.157042166439965,0.190058117967108,0.0143440089031779,0.013973043155682,0.157413132187461,0.562631383702238,0.0103870409298875,0.0280697415605292,0.104859651292197,0.194633362186225,0.152466922220848,0.540868059849141,0.17942376653889,0.168913070359837,0.736243353530357
"G22895C",0,0.000741931494991962,0,0.0140966984048473,0.198095709162854,0.0210213923581056,0.0110053171757141,0.157042166439965,0.220600964510943,0.220477309261778,0.0137257326573513,0.0152095956473352,0.219735377766786,0.00247310498330654,0.0100160751823915,0.0280697415605292,0.000741931494991962,0.219735377766786,0.200197848398665,0.000123655249165327,0.219982688265117,0.219611722517621,0.220106343514282
"G22898A",0.0380858167429207,0.00222579448497589,0,0.0142203536540126,0.279213552615309,0.0210213923581056,0.0110053171757141,0.190058117967108,0.220477309261778,0.301718807963398,0.0142203536540126,0.0175590453814764,0.219859033015952,0.0476072709286509,0.0103870409298875,0.0280697415605292,0.000741931494991962,0.300111289724249,0.206627921355262,0,0.27043402992457,0.249907258563126,0.300729565970075
"G22927T",0.000370965747495981,0,0,0,0.0134784221590207,0.000123655249165327,0,0.0143440089031779,0.0137257326573513,0.0142203536540126,0.0143440089031779,0,0.0137257326573513,0.000370965747495981,0.00506986521577841,0.00877952269073822,0,0.0140966984048473,0.0137257326573513,0,0.0140966984048473,0.0137257326573513,0.0143440089031779
"G23401T",0.00556448621243972,0,0,0,0.0207740818597749,0.000618276245826635,0,0.013973043155682,0.0152095956473352,0.0175590453814764,0,0.0213923581056016,0.0155805613948312,0.0059354519599357,0,0,0.00333869172746383,0.0175590453814764,0.0154569061456659,0.00370965747495981,0.0176827006306418,0.0154569061456659,0.0213923581056016
"T22896C",0.000247310498330654,0,0,0.0140966984048473,0.200074193149499,0.0210213923581056,0.0110053171757141,0.157413132187461,0.219735377766786,0.219859033015952,0.0137257326573513,0.0155805613948312,0.222579448497589,0.00408062322245579,0.0100160751823915,0.0280697415605292,0.000370965747495981,0.219859033015952,0.199579572152838,0.00247310498330654,0.21936441201929,0.219982688265117,0.222084827500927
"T22917G",0.250030913812291,0.00791393594658093,0.0187955978731297,0,0.729689625324595,0.000247310498330654,0,0.562631383702238,0.00247310498330654,0.0476072709286509,0.000370965747495981,0.0059354519599357,0.00408062322245579,0.730060591072091,0.000370965747495981,0.00160751823914925,0.210955855076048,0.0544083096327439,0.00346234697662916,0.679609249412638,0.0446395449486831,0.00173117348831458,0.720168171138865
"T22928C",0.000370965747495981,0,0,0,0.00791393594658093,0.00173117348831458,0,0.0103870409298875,0.0100160751823915,0.0103870409298875,0.00506986521577841,0,0.0100160751823915,0.000370965747495981,0.0103870409298875,0,0,0.0103870409298875,0.0100160751823915,0,0.0103870409298875,0.0100160751823915,0.0103870409298875
"T22930A",0,0,0,0,0.0263385680722147,0.00173117348831458,0,0.0280697415605292,0.0280697415605292,0.0280697415605292,0.00877952269073822,0,0.0280697415605292,0.00160751823914925,0,0.0280697415605292,0,0.0280697415605292,0.0280697415605292,0,0.0280697415605292,0.0280697415605292,0.0280697415605292
"T22942A",0.205144058365278,0.000741931494991962,0,0,0.210955855076048,0,0,0.104859651292197,0.000741931494991962,0.000741931494991962,0,0.00333869172746383,0.000370965747495981,0.210955855076048,0,0,0.211079510325213,0,0.000741931494991962,0.209224681587733,0.000741931494991962,0.000123655249165327,0.209224681587733
"T22942G",0.0387040929887474,0.00408062322245579,0.00420427847162112,0.0142203536540126,0.287869420056881,0.0210213923581056,0.0110053171757141,0.194633362186225,0.219735377766786,0.300111289724249,0.0140966984048473,0.0175590453814764,0.219859033015952,0.0544083096327439,0.0103870409298875,0.0280697415605292,0,0.310374675404971,0.206009645109435,0.00741931494991962,0.269815753678744,0.250030913812291,0.309385433411648
"T23018C",0,0.000741931494991962,0,0.000247310498330654,0.187214047236305,0.0212687028564363,0.0116235934215407,0.152466922220848,0.200197848398665,0.206627921355262,0.0137257326573513,0.0154569061456659,0.199579572152838,0.00346234697662916,0.0100160751823915,0.0280697415605292,0.000741931494991962,0.206009645109435,0.209966613082725,0,0.209719302584395,0.207740818597749,0.209719302584395
"T23018G",0.210955855076048,0.00717200445158897,0.018919253122295,0,0.683195251638432,0.000247310498330654,0,0.540868059849141,0.000123655249165327,0,0,0.00370965747495981,0.00247310498330654,0.679609249412638,0,0,0.209224681587733,0.00741931494991962,0,0.683442562136763,0.000494620996661308,0,0.673302831705206
"T23019C",0.0379621614937554,0.00086558674415729,0,0.0140966984048473,0.251514776802275,0.0212687028564363,0.0116235934215407,0.17942376653889,0.219982688265117,0.27043402992457,0.0140966984048473,0.0176827006306418,0.21936441201929,0.0446395449486831,0.0103870409298875,0.0280697415605292,0.000741931494991962,0.269815753678744,0.209719302584395,0.000494620996661308,0.274267342648695,0.22863855570669,0.273649066402869
"T23031C",0.000123655249165327,0.0013602077408186,0,0.0142203536540126,0.229504142450847,0.0212687028564363,0.0116235934215407,0.168913070359837,0.219611722517621,0.249907258563126,0.0137257326573513,0.0154569061456659,0.219982688265117,0.00173117348831458,0.0100160751823915,0.0280697415605292,0.000123655249165327,0.250030913812291,0.207740818597749,0,0.22863855570669,0.252256708297267,0.251514776802275
"T23075C",0.248176085074811,0.0119945591690367,0.018919253122295,0.0140966984048473,0.964634598738716,0.0215160133547669,0.0116235934215407,0.736243353530357,0.220106343514282,0.300729565970075,0.0143440089031779,0.0213923581056016,0.222084827500927,0.720168171138865,0.0103870409298875,0.0280697415605292,0.209224681587733,0.309385433411648,0.209719302584395,0.673302831705206,0.273649066402869,0.251514776802275,0.987758130332633
